30 30 8 17
0xff00ff
Assets/Textures/TileMap/TileMap.bmp
88 89 89 89 89 89 89 89 89 90 51 51 93 94 94 94 94 94 94 94 94 94 94 94 94 94 94 94 94 95 
96 97 97 97 97 97 97 97 108 106 51 55 109 123 102 102 102 102 102 102 102 102 102 102 102 102 102 102 102 103 
96 97 76 77 97 97 97 97 98 5 5 5 5 101 102 102 102 102 102 102 102 102 102 102 102 102 102 102 102 103 
96 97 84 85 97 97 97 97 98 6 6 6 6 101 102 68 68 68 102 102 102 102 102 102 102 102 102 102 102 103 
96 97 97 108 105 105 105 107 98 13 13 13 13 101 102 68 0 68 102 102 102 102 102 102 102 102 102 102 102 103 
96 97 97 98 48 48 48 96 100 90 51 51 93 115 102 68 68 68 102 102 102 102 102 102 102 102 102 102 102 103 
96 97 97 98 48 52 48 104 105 106 51 51 109 123 102 102 102 102 102 102 102 102 102 102 102 102 102 102 102 103 
96 97 97 98 60 61 62 113 113 113 51 51 51 101 102 102 102 102 68 102 102 102 102 102 102 102 102 102 102 103 
104 105 105 106 60 61 62 88 89 90 51 51 51 101 102 102 102 102 102 102 102 102 102 102 102 102 102 102 102 103 
112 113 113 113 60 61 62 104 107 100 90 51 51 109 123 102 102 102 102 102 102 102 102 102 102 102 102 102 102 103 
112 113 113 113 60 61 62 114 96 97 98 51 51 51 101 102 68 102 102 102 102 102 102 102 102 102 102 102 102 103 
93 94 94 94 94 94 94 95 96 97 98 51 51 51 101 102 102 102 102 102 102 102 102 102 102 102 102 102 102 103 
101 102 76 77 102 102 102 103 96 97 100 90 51 51 101 102 76 77 102 102 102 102 102 102 102 102 102 102 102 103 
101 102 84 85 102 102 102 103 96 97 97 98 51 51 101 102 84 85 102 102 102 102 102 102 102 102 102 102 102 103 
109 110 110 110 110 110 110 111 104 105 105 106 51 51 109 110 110 110 110 110 123 102 102 102 102 102 102 102 102 103 
88 89 89 89 90 88 89 89 89 90 88 89 51 51 90 88 89 89 89 90 101 102 102 102 102 102 102 102 102 103 
96 97 97 97 98 88 89 89 89 90 88 89 51 51 90 88 89 89 89 90 101 102 102 102 102 102 102 102 102 103 
96 97 76 77 98 88 89 89 89 90 88 89 51 51 90 88 89 89 89 90 101 102 102 102 102 102 102 102 102 103 
96 97 84 85 98 88 89 89 89 90 88 89 51 51 90 88 89 89 89 90 101 102 102 102 102 102 102 102 102 103 
104 105 105 105 106 88 89 89 89 90 88 89 51 51 90 88 89 89 89 90 101 102 102 102 102 102 102 102 102 103 
88 89 89 89 90 88 89 89 89 90 88 89 51 51 90 88 89 89 89 90 101 102 102 102 102 102 102 102 102 103 
96 97 97 97 98 88 89 89 89 90 88 89 51 51 90 88 89 89 89 90 101 102 102 102 102 102 102 102 102 103 
96 97 76 77 98 88 89 89 89 90 88 89 51 51 90 88 89 89 89 90 101 102 102 102 102 102 102 102 102 103 
96 97 84 85 98 88 89 89 89 90 88 89 51 51 90 88 89 89 89 90 101 102 102 102 102 102 102 102 102 103 
104 105 105 105 106 88 89 89 89 90 88 89 51 51 90 88 89 89 89 90 101 102 102 102 102 102 102 102 102 103 
88 89 89 89 90 88 89 89 89 90 88 89 51 51 90 88 89 89 89 90 101 102 102 102 102 102 102 102 102 103 
96 97 97 97 98 88 89 89 89 90 88 89 51 51 90 88 89 89 89 90 101 102 102 102 102 102 102 102 102 103 
96 97 76 77 98 88 89 89 89 90 88 89 51 51 90 88 89 89 89 90 101 102 102 102 102 102 102 102 102 103 
96 97 84 85 98 88 89 89 89 90 88 89 51 51 90 88 89 89 89 90 101 102 102 102 102 102 102 102 102 103 
104 105 105 105 106 88 89 89 89 90 88 89 51 51 90 88 89 89 89 90 109 110 110 110 110 110 110 110 110 111 
